0 0.994917 0.462745 0.010167 0.045139
0 0.917495 0.517991 0.025115 0.023648
0 0.231349 0.438889 0.019073 0.063889
0 0.421430 0.288921 0.019016 0.037157
0 0.459984 0.274731 0.023719 0.031833
0 0.011120 0.402509 0.022240 0.051463
0 0.035081 0.414019 0.031203 0.091037
0 0.196729 0.398255 0.025187 0.050898
0 0.163807 0.352556 0.025719 0.048222
0 0.283070 0.385167 0.031203 0.073519
0 0.421299 0.490093 0.031203 0.089074
0 0.561159 0.401134 0.036922 0.073509
0 0.615169 0.419764 0.031203 0.073509
0 0.653357 0.422412 0.035672 0.077028
0 0.704250 0.412898 0.036708 0.068648
0 0.815273 0.419778 0.037682 0.080630
0 0.950005 0.481000 0.037177 0.073556
0 0.742159 0.307981 0.021203 0.048667
0 0.359432 0.261412 0.014260 0.036250
0 0.374276 0.271625 0.014490 0.042491
0 0.391479 0.281384 0.016000 0.039824
0 0.888536 0.452653 0.030219 0.046176
