2 0.372086 0.259806 0.018016 0.037241
2 0.389141 0.273380 0.011406 0.022870
2 0.420727 0.289343 0.021880 0.040944
2 0.411602 0.469801 0.026380 0.079231
2 0.551141 0.400606 0.025219 0.063250
2 0.611305 0.396333 0.029370 0.072889
2 0.706685 0.400069 0.033297 0.079306
2 0.740352 0.311426 0.018589 0.051056
2 0.808034 0.413880 0.042578 0.073907
2 0.875852 0.449282 0.023714 0.044676
2 0.646305 0.427264 0.017703 0.031009
2 0.992328 0.465773 0.015344 0.087287
2 0.034188 0.413912 0.030271 0.068657
2 0.187049 0.377407 0.025797 0.040370
2 0.161133 0.352394 0.021276 0.053213
2 0.138552 0.316486 0.021021 0.053713
2 0.943357 0.482819 0.035370 0.089361
2 0.908320 0.454032 0.018693 0.028713
2 0.234208 0.458731 0.018698 0.034204
2 0.237721 0.409153 0.018693 0.028713
2 0.276583 0.406421 0.018698 0.028713
2 0.008802 0.405630 0.017604 0.042556
2 0.352909 0.237958 0.009599 0.023343
