0 0.886615 0.458806 0.029010 0.055537
0 0.013268 0.400755 0.026536 0.071454
0 0.041375 0.415944 0.029010 0.082667
0 0.131792 0.340870 0.027229 0.049704
0 0.161141 0.368815 0.029010 0.045889
0 0.204557 0.402097 0.029010 0.069880
0 0.234198 0.455611 0.029010 0.087481
0 0.284500 0.395444 0.029010 0.072556
0 0.424922 0.502704 0.029010 0.082667
0 0.360242 0.267148 0.014651 0.045889
0 0.376862 0.281287 0.019714 0.050759
0 0.391227 0.290833 0.019109 0.041111
0 0.421336 0.296426 0.022432 0.042704
0 0.468641 0.281009 0.027823 0.033167
0 0.564750 0.410111 0.038000 0.065593
0 0.617896 0.423917 0.031708 0.075241
0 0.657266 0.432972 0.029010 0.082667
0 0.699182 0.432444 0.029010 0.090111
0 0.745440 0.313759 0.017339 0.053963
0 0.639604 0.311343 0.029010 0.060833
0 0.819404 0.434329 0.038901 0.088565
0 0.948737 0.493639 0.038880 0.084759
0 0.991896 0.514417 0.016208 0.082667
0 0.917466 0.527708 0.024234 0.029398
0 0.074924 0.281273 0.026505 0.037454
0 0.024776 0.300130 0.029010 0.046778
0 0.299865 0.260704 0.011625 0.029741
0 0.711917 0.321926 0.015042 0.040074
0 0.684253 0.274875 0.015047 0.029565
0 0.768344 0.319977 0.015042 0.040083
0 0.204956 0.259255 0.015047 0.040083
