2 0.803320 0.392685 0.035755 0.069815
2 0.030898 0.396685 0.031328 0.085333
2 0.406799 0.441481 0.036818 0.080370
2 0.174141 0.380912 0.015885 0.039046
2 0.345901 0.242296 0.015490 0.036074
2 0.366063 0.257255 0.015896 0.035676
2 0.388721 0.265394 0.014641 0.027546
2 0.549339 0.384949 0.023823 0.079176
2 0.605596 0.384722 0.025057 0.070741
2 0.657003 0.347894 0.024526 0.067176
2 0.872693 0.408671 0.021302 0.060102
2 0.943669 0.477421 0.031016 0.058306
2 0.989792 0.450810 0.020417 0.084954
2 0.154544 0.348208 0.017109 0.049417
2 0.897831 0.443921 0.015276 0.024565
2 0.123786 0.327000 0.020240 0.040852
2 0.738648 0.292486 0.018693 0.039472
2 0.687857 0.344181 0.018693 0.046269
2 0.228797 0.400194 0.018698 0.028722
2 0.004500 0.387519 0.009000 0.028722
