0 0.233661 0.435662 0.020490 0.055343
0 0.036805 0.416634 0.030349 0.070806
0 0.010260 0.407417 0.020521 0.047759
0 0.993487 0.466991 0.013026 0.037500
0 0.422089 0.286625 0.014573 0.033546
0 0.561734 0.406204 0.036396 0.065333
0 0.615701 0.418801 0.031203 0.073509
0 0.655221 0.419898 0.034974 0.066093
0 0.706578 0.416009 0.032885 0.070204
0 0.816549 0.416194 0.039089 0.072056
0 0.951492 0.483074 0.035797 0.072741
0 0.912292 0.467329 0.018958 0.026509
0 0.742604 0.308431 0.015937 0.042398
0 0.197945 0.382968 0.026193 0.063324
0 0.420961 0.490583 0.029484 0.091463
0 0.160437 0.351815 0.019750 0.048222
0 0.390901 0.282931 0.014573 0.033546
0 0.373919 0.270301 0.014578 0.033546
0 0.358495 0.257671 0.014573 0.033546
0 0.280505 0.392093 0.018469 0.067704
