0 0.522484 0.277333 0.007156 0.035889
0 0.268565 0.323236 0.014589 0.021120
0 0.991417 0.518958 0.017167 0.059676
0 0.948648 0.492889 0.033526 0.086630
0 0.917247 0.528565 0.024359 0.024907
0 0.886365 0.456472 0.022896 0.046333
0 0.819510 0.437065 0.038896 0.093278
0 0.645177 0.308616 0.014583 0.046324
0 0.628128 0.313417 0.014589 0.046333
0 0.744982 0.309718 0.014589 0.052972
0 0.699547 0.433736 0.029344 0.092528
0 0.657229 0.433921 0.035396 0.088454
0 0.615854 0.423185 0.032875 0.082519
0 0.564190 0.410278 0.037661 0.072222
0 0.470318 0.279954 0.024990 0.035648
0 0.423432 0.297528 0.021469 0.046333
0 0.392133 0.290500 0.014589 0.046333
0 0.376549 0.281458 0.018724 0.050417
0 0.359477 0.270167 0.014589 0.046333
0 0.424568 0.504727 0.027083 0.088880
0 0.281818 0.394495 0.026365 0.074898
0 0.232534 0.458727 0.025870 0.081991
0 0.161406 0.370741 0.027083 0.050185
0 0.132125 0.340889 0.027083 0.060667
0 0.081966 0.287264 0.013745 0.030472
0 0.023141 0.308380 0.027083 0.049907
0 0.039771 0.420032 0.027083 0.080435
0 0.013542 0.415301 0.027083 0.093657
0 0.202646 0.403250 0.027083 0.067759
