0 0.705089 0.426500 0.028260 0.088667
0 0.012344 0.406537 0.024687 0.063222
0 0.038068 0.417833 0.028656 0.073222
0 0.128914 0.342954 0.022380 0.035907
0 0.162711 0.363847 0.025516 0.051750
0 0.203880 0.406926 0.024687 0.063222
0 0.233497 0.438917 0.020297 0.052537
0 0.283526 0.393782 0.027990 0.073917
0 0.359813 0.264778 0.014729 0.043593
0 0.377385 0.274398 0.020333 0.042500
0 0.393299 0.288269 0.014734 0.043593
0 0.424604 0.294921 0.018292 0.043602
0 0.467013 0.279949 0.021182 0.037306
0 0.424063 0.498787 0.028021 0.083167
0 0.563174 0.409519 0.036359 0.072444
0 0.616508 0.420065 0.034068 0.070611
0 0.655589 0.430565 0.032844 0.077574
0 0.744484 0.311185 0.014729 0.043593
0 0.818708 0.426495 0.039250 0.079787
0 0.885979 0.452931 0.027000 0.042472
0 0.947328 0.488981 0.034510 0.082778
0 0.021352 0.302009 0.013651 0.021907
0 0.992753 0.505977 0.014495 0.074843
0 0.912742 0.524718 0.021328 0.026843
0 0.481971 0.273759 0.012401 0.028389
