2 0.993794 0.480366 0.012411 0.056861
2 0.357870 0.262940 0.013135 0.028713
0 0.418943 0.493778 0.033156 0.087370
0 0.039516 0.419028 0.033156 0.087370
0 0.616411 0.417875 0.033156 0.076676
2 0.131266 0.328620 0.016406 0.040370
2 0.160466 0.354171 0.022078 0.040361
2 0.228714 0.436153 0.020281 0.072324
2 0.196997 0.396241 0.028057 0.068074
2 0.010443 0.402856 0.020885 0.051509
0 0.277885 0.386264 0.020583 0.058213
2 0.372135 0.259671 0.016406 0.040361
2 0.390674 0.275380 0.016401 0.040370
2 0.419870 0.285560 0.016406 0.040361
2 0.657484 0.434722 0.031073 0.058704
2 0.705995 0.418750 0.027490 0.068241
2 0.884310 0.446014 0.026286 0.042176
2 0.745141 0.310403 0.018917 0.043917
0 0.951227 0.491102 0.032443 0.055574
0 0.814305 0.413685 0.036599 0.072815
0 0.558859 0.409481 0.034469 0.075074
