2 0.034604 0.418106 0.027979 0.068972
2 0.990164 0.461421 0.019672 0.092898
2 0.942427 0.483273 0.042333 0.081417
2 0.871482 0.453639 0.027141 0.039130
2 0.813003 0.411435 0.039099 0.074907
2 0.707044 0.396926 0.031641 0.073000
2 0.743531 0.303917 0.021792 0.049019
2 0.613576 0.404819 0.027682 0.070917
2 0.553341 0.396046 0.027682 0.081241
2 0.422805 0.282667 0.017516 0.040778
2 0.374448 0.252032 0.016625 0.029620
2 0.388221 0.269324 0.013036 0.026907
2 0.415615 0.462829 0.029500 0.081769
2 0.278490 0.416000 0.022292 0.071148
2 0.232372 0.431935 0.019318 0.070019
2 0.160812 0.348657 0.021708 0.048241
2 0.132367 0.326296 0.017516 0.040778
2 0.198539 0.371537 0.017516 0.040778
2 0.009635 0.405074 0.019271 0.040778
2 0.647854 0.428120 0.018698 0.040426
