0 0.038016 0.417861 0.029698 0.072426
0 0.912742 0.524718 0.021328 0.026843
0 0.650922 0.298389 0.013146 0.027185
0 0.992305 0.505449 0.015391 0.074843
0 0.523495 0.280926 0.005531 0.021481
0 0.949169 0.487167 0.036870 0.083444
0 0.885388 0.454171 0.028474 0.048324
0 0.745417 0.317648 0.015000 0.042519
0 0.819065 0.425440 0.038953 0.081343
0 0.703799 0.428111 0.034172 0.085630
0 0.657398 0.423824 0.039578 0.082463
0 0.617414 0.425704 0.032672 0.063778
0 0.563977 0.407625 0.035349 0.068083
0 0.469779 0.273569 0.021797 0.033898
0 0.019721 0.298097 0.014734 0.031009
0 0.130956 0.343190 0.024307 0.043602
0 0.161016 0.363690 0.021615 0.052065
0 0.202474 0.401949 0.022656 0.073880
0 0.232638 0.450190 0.021807 0.079435
0 0.282122 0.390667 0.021380 0.075704
0 0.424354 0.501588 0.028479 0.083491
0 0.359458 0.265199 0.016833 0.040213
0 0.376633 0.272213 0.020349 0.045389
0 0.393779 0.286264 0.016828 0.040213
0 0.423305 0.294023 0.018911 0.040213
0 0.012083 0.408792 0.024167 0.072046
