2 0.421589 0.289560 0.018490 0.040880
2 0.374128 0.254435 0.012807 0.023833
2 0.432214 0.257097 0.012802 0.023843
2 0.947273 0.483231 0.028078 0.069907
2 0.875638 0.456185 0.014609 0.048296
2 0.993750 0.461519 0.012500 0.080296
2 0.808263 0.407481 0.037328 0.073370
2 0.652456 0.422278 0.012807 0.023833
2 0.744159 0.306907 0.027682 0.068426
2 0.232474 0.436287 0.018698 0.064648
2 0.009557 0.403468 0.019115 0.043046
2 0.037745 0.415727 0.031073 0.065398
2 0.135797 0.323634 0.028958 0.058991
2 0.160049 0.348644 0.019380 0.057898
2 0.190594 0.382185 0.022979 0.046222
2 0.278167 0.403454 0.021479 0.039870
2 0.417542 0.461236 0.028958 0.084009
2 0.553776 0.393630 0.030156 0.064852
2 0.613203 0.397088 0.031646 0.071750
2 0.708419 0.401065 0.032849 0.066944
2 0.389406 0.271458 0.012802 0.023843
