2 0.371250 0.253380 0.018854 0.032500
2 0.652169 0.430815 0.018693 0.028722
2 0.231292 0.436778 0.015854 0.057741
2 0.011198 0.399509 0.022396 0.047167
2 0.039531 0.409495 0.039062 0.086565
2 0.130349 0.331894 0.025594 0.040454
2 0.161294 0.350292 0.019078 0.045343
2 0.197362 0.376889 0.026839 0.071037
2 0.281576 0.380921 0.023099 0.066676
2 0.392724 0.277977 0.016844 0.036454
2 0.420919 0.285083 0.015349 0.035574
0 0.417042 0.462949 0.027063 0.084417
2 0.749143 0.312838 0.025568 0.047528
2 0.614159 0.409301 0.027068 0.074639
2 0.557271 0.394875 0.036052 0.078620
2 0.708964 0.401509 0.033531 0.081241
2 0.871781 0.455403 0.021344 0.036509
2 0.806529 0.413523 0.037047 0.082213
2 0.945510 0.486694 0.036052 0.078611
2 0.990065 0.457620 0.019870 0.083463
