0 0.358880 0.265412 0.015156 0.044361
0 0.127297 0.283468 0.017698 0.035454
0 0.423901 0.506079 0.028854 0.079509
0 0.281807 0.392361 0.024198 0.074352
0 0.232224 0.454991 0.024198 0.083352
0 0.917745 0.528542 0.021802 0.032176
0 0.990745 0.514847 0.018510 0.071361
0 0.948526 0.493042 0.043031 0.081676
0 0.886661 0.456074 0.031990 0.048444
0 0.817852 0.433708 0.040339 0.087954
0 0.745698 0.311542 0.015792 0.048398
0 0.646615 0.299542 0.015156 0.044361
0 0.629563 0.317653 0.015156 0.044361
0 0.699211 0.431120 0.026786 0.090907
0 0.657016 0.435190 0.032219 0.093880
0 0.615729 0.413954 0.032396 0.073574
0 0.563958 0.403032 0.037812 0.062083
0 0.521823 0.277343 0.010521 0.038759
0 0.468398 0.275546 0.022682 0.035167
0 0.072870 0.282185 0.028854 0.034185
0 0.131430 0.333944 0.024526 0.061000
0 0.159651 0.365241 0.029240 0.055852
0 0.203656 0.402301 0.028854 0.071157
0 0.419651 0.294296 0.026844 0.041778
0 0.019685 0.305185 0.026672 0.050741
0 0.769451 0.320514 0.012401 0.028380
0 0.039279 0.416347 0.026339 0.081398
0 0.014427 0.411986 0.028854 0.095472
0 0.390417 0.291995 0.015156 0.044361
0 0.374596 0.280204 0.017630 0.046444
