2 0.347341 0.236940 0.011984 0.029639
2 0.364935 0.255815 0.011276 0.027444
2 0.549560 0.391435 0.027349 0.087685
2 0.603888 0.378005 0.027328 0.066954
2 0.657362 0.348537 0.030797 0.077000
2 0.803526 0.390671 0.042010 0.072361
2 0.940852 0.474199 0.030380 0.063213
2 0.991276 0.448546 0.017448 0.088463
2 0.894109 0.441940 0.021302 0.030176
2 0.386401 0.263912 0.014802 0.027731
2 0.731883 0.299241 0.010297 0.040519
2 0.871193 0.403500 0.019135 0.043667
2 0.031203 0.392449 0.026937 0.067491
2 0.126193 0.333426 0.018698 0.035370
2 0.686818 0.347861 0.018698 0.035759
2 0.147682 0.343481 0.013906 0.035630
2 0.400628 0.442500 0.032391 0.068333
2 0.169664 0.382269 0.012859 0.032685
