0 0.464766 0.284856 0.016344 0.033806
0 0.206164 0.259343 0.015047 0.040074
0 0.130284 0.287444 0.015047 0.040074
0 0.919807 0.530435 0.022781 0.036352
0 0.990497 0.519588 0.019005 0.063194
0 0.268630 0.321620 0.017427 0.034722
0 0.074862 0.286329 0.020797 0.029935
0 0.017461 0.301157 0.034922 0.041019
0 0.949458 0.494042 0.036813 0.087472
0 0.504456 0.255125 0.009109 0.029935
0 0.744831 0.321282 0.013453 0.048546
0 0.888195 0.456329 0.025661 0.055491
0 0.819211 0.440681 0.041474 0.086787
0 0.701000 0.434315 0.029250 0.093222
0 0.657711 0.438144 0.032495 0.084269
0 0.614943 0.414833 0.030323 0.063204
0 0.563380 0.409421 0.038240 0.063194
0 0.629682 0.319662 0.016344 0.049750
0 0.645130 0.299218 0.016344 0.049750
0 0.477891 0.272727 0.010260 0.021028
0 0.523331 0.278481 0.008432 0.036370
0 0.422901 0.296028 0.023156 0.049759
0 0.391828 0.292194 0.016344 0.049759
0 0.375661 0.283255 0.016344 0.049750
0 0.359682 0.267903 0.016344 0.049750
0 0.131688 0.342644 0.026083 0.053602
0 0.162240 0.373000 0.032531 0.047889
0 0.206424 0.407153 0.026078 0.072824
0 0.232831 0.456370 0.032151 0.085593
0 0.424169 0.511597 0.028224 0.082361
0 0.283195 0.399319 0.030651 0.073213
0 0.039620 0.422731 0.032531 0.091944
0 0.011510 0.416648 0.023021 0.097444
