2 0.900961 0.451083 0.024526 0.037648
2 0.607776 0.391949 0.021302 0.049454
2 0.990807 0.457370 0.018385 0.092481
2 0.182724 0.383731 0.019031 0.061426
2 0.420258 0.278153 0.013547 0.038324
2 0.553622 0.386852 0.025276 0.080074
2 0.662406 0.345148 0.024771 0.058778
2 0.805521 0.399481 0.036042 0.072519
2 0.947604 0.482861 0.029271 0.048537
2 0.371602 0.251866 0.018693 0.041083
2 0.006247 0.395444 0.012495 0.036630
2 0.695708 0.353134 0.012438 0.027806
2 0.738419 0.307231 0.011182 0.043685
2 0.867628 0.444042 0.018693 0.028713
2 0.276094 0.402139 0.018698 0.028722
2 0.162839 0.355949 0.018698 0.028713
2 0.134846 0.327639 0.018693 0.033241
2 0.035909 0.414991 0.037453 0.066685
2 0.407305 0.448505 0.029557 0.081824
2 0.231276 0.441236 0.021302 0.060102
