0 0.946401 0.487144 0.034073 0.079602
0 0.741951 0.313069 0.017547 0.047009
0 0.118750 0.269986 0.012406 0.028380
0 0.644044 0.289093 0.016495 0.043000
0 0.993698 0.477088 0.012604 0.034528
0 0.815065 0.422616 0.038724 0.079583
0 0.279714 0.391958 0.025063 0.079583
0 0.613677 0.419741 0.029729 0.067444
0 0.701904 0.423255 0.032245 0.079583
0 0.657516 0.422625 0.032635 0.082157
0 0.420745 0.501819 0.029031 0.079583
0 0.011021 0.403921 0.022042 0.059157
0 0.036474 0.416227 0.029031 0.079583
0 0.562307 0.404731 0.036219 0.065537
0 0.128010 0.341648 0.024396 0.036519
0 0.158940 0.362699 0.021214 0.042194
0 0.198648 0.394287 0.023849 0.069944
0 0.231125 0.440727 0.016896 0.039102
0 0.463891 0.274259 0.016490 0.029259
0 0.419870 0.291125 0.016896 0.039102
0 0.389792 0.284532 0.016896 0.039102
0 0.371188 0.272671 0.016896 0.039102
0 0.355203 0.260815 0.012198 0.043556
0 0.880464 0.455528 0.027240 0.038019
