0 0.037732 0.417894 0.030057 0.081806
0 0.477711 0.272727 0.012401 0.028380
0 0.646508 0.303069 0.012401 0.028380
0 0.613628 0.308694 0.012401 0.028389
0 0.914414 0.526051 0.021328 0.026843
0 0.991310 0.517681 0.017380 0.055731
0 0.945677 0.485731 0.039896 0.091870
0 0.886258 0.458333 0.028839 0.050926
0 0.816044 0.430111 0.042911 0.072185
0 0.740742 0.309014 0.018057 0.055676
0 0.700021 0.428273 0.027042 0.086602
0 0.653924 0.432255 0.031807 0.077528
0 0.614245 0.425875 0.032135 0.074361
0 0.562602 0.405926 0.036047 0.068519
0 0.461096 0.281366 0.021661 0.034398
0 0.418875 0.295194 0.022250 0.042944
0 0.390729 0.288806 0.018062 0.038685
0 0.375161 0.279769 0.018062 0.049352
0 0.359292 0.264866 0.018062 0.045083
0 0.421419 0.504111 0.026745 0.086037
0 0.280258 0.391519 0.021672 0.081222
0 0.230078 0.450861 0.022552 0.084944
0 0.202995 0.403773 0.024635 0.074861
0 0.161385 0.366255 0.025250 0.057306
0 0.128445 0.343917 0.026443 0.044574
0 0.012760 0.412810 0.025521 0.081231
0 0.020956 0.302111 0.018057 0.030167
