0 0.202424 0.258954 0.015047 0.040074
0 0.655419 0.435273 0.036255 0.085565
0 0.636406 0.313088 0.037708 0.062657
0 0.613362 0.421931 0.034734 0.087620
0 0.561570 0.410227 0.037141 0.059954
0 0.422648 0.510037 0.028766 0.086037
0 0.267833 0.325620 0.011396 0.029130
0 0.477276 0.269736 0.011073 0.022750
0 0.522039 0.295255 0.011995 0.057824
0 0.459914 0.290208 0.018266 0.045602
0 0.419497 0.297130 0.022464 0.045611
0 0.388656 0.294468 0.018271 0.045602
0 0.373682 0.280625 0.018271 0.045602
0 0.357807 0.269977 0.018271 0.045602
0 0.131159 0.292630 0.026641 0.043963
0 0.076068 0.284894 0.026635 0.042435
0 0.131159 0.343694 0.026641 0.054648
0 0.160214 0.371931 0.026656 0.047250
0 0.202419 0.407032 0.026641 0.063157
0 0.229367 0.459204 0.026641 0.082333
0 0.281464 0.397991 0.026635 0.077037
0 0.036250 0.419556 0.026635 0.098852
0 0.011823 0.415296 0.023646 0.098852
0 0.742557 0.321074 0.018271 0.057296
0 0.816359 0.439787 0.040719 0.083944
0 0.887036 0.462421 0.028771 0.047231
0 0.949607 0.496208 0.037141 0.086065
0 0.918477 0.532130 0.023984 0.032222
0 0.989471 0.516977 0.021057 0.070065
0 0.297643 0.266426 0.013464 0.022704
0 0.698977 0.438204 0.026318 0.092481
0 0.789857 0.323028 0.015047 0.040074
0 0.712461 0.322352 0.015047 0.040074
0 0.680591 0.276491 0.015047 0.040074
0 0.432474 0.269231 0.015042 0.040074
0 0.249336 0.272083 0.015047 0.040074
