0 0.505159 0.256222 0.015047 0.025148
0 0.013594 0.406838 0.027187 0.078176
0 0.131721 0.342306 0.027359 0.050019
0 0.159190 0.367241 0.029120 0.044963
0 0.205370 0.407458 0.024469 0.071750
0 0.231430 0.455032 0.024849 0.086417
0 0.283167 0.395019 0.027000 0.074963
0 0.377115 0.280347 0.018010 0.043639
0 0.360227 0.267569 0.018005 0.043639
0 0.392565 0.291847 0.018005 0.043639
0 0.424711 0.295694 0.019109 0.043611
0 0.464784 0.281301 0.018005 0.032787
0 0.519755 0.297292 0.018010 0.057083
0 0.424891 0.508713 0.028760 0.086463
0 0.205695 0.256662 0.015047 0.040083
0 0.637253 0.311648 0.027370 0.066630
0 0.564312 0.409991 0.037417 0.072981
0 0.616055 0.419898 0.034557 0.080019
0 0.658089 0.427898 0.035240 0.080685
0 0.700492 0.433954 0.028807 0.090241
0 0.744312 0.313861 0.018010 0.051907
0 0.819578 0.436208 0.039906 0.090917
0 0.889836 0.465898 0.030953 0.065981
0 0.946953 0.492407 0.041719 0.089630
0 0.990534 0.512847 0.018932 0.080694
0 0.478326 0.270472 0.015047 0.027056
0 0.311148 0.277259 0.011245 0.017333
0 0.299026 0.263032 0.014448 0.024120
0 0.790810 0.319407 0.015047 0.040074
0 0.711151 0.319120 0.008948 0.020833
0 0.665560 0.269926 0.015047 0.040074
0 0.434109 0.266676 0.015042 0.027611
0 0.039909 0.420236 0.028411 0.084528
0 0.079260 0.284505 0.018010 0.031509
0 0.271492 0.325708 0.011526 0.035991
0 0.004070 0.302069 0.008141 0.043639
0 0.021055 0.299514 0.018005 0.043639
