0 0.232732 0.436565 0.019536 0.049796
0 0.655349 0.423935 0.036594 0.086944
0 0.421479 0.500245 0.028292 0.075935
0 0.702169 0.417949 0.035036 0.078731
0 0.617578 0.414694 0.033490 0.064870
0 0.914141 0.519667 0.023177 0.028389
0 0.039656 0.414722 0.028292 0.075926
0 0.012396 0.400898 0.024792 0.059315
0 0.562193 0.409204 0.035510 0.061185
0 0.282651 0.389343 0.021573 0.075926
0 0.991659 0.498231 0.016682 0.075722
0 0.944333 0.486921 0.038729 0.081713
0 0.886466 0.455014 0.025297 0.043546
0 0.817221 0.424611 0.041495 0.080407
0 0.740867 0.306398 0.019536 0.049796
0 0.121841 0.273792 0.012568 0.030731
0 0.130568 0.341884 0.023531 0.039139
0 0.160750 0.363602 0.019021 0.041833
0 0.199807 0.394903 0.022781 0.068898
0 0.460799 0.275583 0.020797 0.032463
0 0.420370 0.289986 0.019781 0.037380
0 0.391555 0.286671 0.019536 0.042231
0 0.373341 0.273569 0.019536 0.049787
0 0.357622 0.260704 0.019536 0.049796
