0 0.743909 0.314769 0.018005 0.054722
0 0.635750 0.315884 0.024750 0.064917
0 0.463339 0.291375 0.018010 0.043639
0 0.433807 0.267185 0.011760 0.027704
0 0.423198 0.297088 0.021312 0.044713
0 0.392229 0.292486 0.018010 0.043639
0 0.378922 0.278440 0.018010 0.043639
0 0.359378 0.270681 0.018005 0.043639
0 0.132547 0.349301 0.019906 0.041954
0 0.071854 0.285227 0.018375 0.039176
0 0.202451 0.256782 0.013745 0.029954
0 0.024729 0.291306 0.023500 0.036241
0 0.480680 0.272000 0.015047 0.040074
0 0.520320 0.292602 0.015047 0.040074
0 0.254474 0.298019 0.015042 0.040074
