0 0.013958 0.417296 0.027917 0.087815
0 0.076487 0.280889 0.012401 0.028389
0 0.521633 0.277389 0.012401 0.028389
0 0.479758 0.275444 0.012401 0.028389
0 0.204484 0.402907 0.026552 0.077519
0 0.160414 0.366120 0.027401 0.049056
0 0.020107 0.303032 0.012401 0.028380
0 0.128701 0.341894 0.019286 0.044954
0 0.039490 0.414699 0.025500 0.081157
0 0.913995 0.525755 0.021333 0.026843
0 0.991609 0.515574 0.016781 0.066333
0 0.947354 0.489361 0.035917 0.084056
0 0.886612 0.457463 0.026359 0.046222
0 0.818005 0.431130 0.040240 0.080333
0 0.744193 0.312074 0.018063 0.037519
0 0.649250 0.298060 0.012542 0.035361
0 0.703573 0.425708 0.031813 0.082843
0 0.655831 0.428093 0.033328 0.072704
0 0.614516 0.419065 0.032740 0.075944
0 0.564813 0.407097 0.034542 0.071176
0 0.370836 0.268704 0.029068 0.030167
0 0.394221 0.288282 0.018057 0.042694
0 0.422909 0.293458 0.023036 0.038269
0 0.464927 0.278319 0.018062 0.030157
0 0.424685 0.504519 0.027401 0.079667
0 0.284018 0.390694 0.028422 0.074537
0 0.234214 0.454801 0.024052 0.077806
