2 0.197331 0.396542 0.017682 0.042213
2 0.229065 0.437250 0.021870 0.064019
2 0.154812 0.352361 0.017677 0.042204
2 0.128167 0.334796 0.017677 0.042204
2 0.033997 0.420750 0.028151 0.071463
2 0.008172 0.408782 0.016344 0.042213
2 0.991589 0.456139 0.016823 0.055500
2 0.355120 0.256546 0.017677 0.042204
2 0.376677 0.258144 0.017677 0.042213
2 0.275174 0.385639 0.024859 0.080019
2 0.391352 0.277824 0.014693 0.034722
2 0.420086 0.287963 0.020661 0.046481
0 0.414109 0.496889 0.026677 0.082111
2 0.558417 0.403185 0.032646 0.070444
2 0.654078 0.439917 0.029344 0.041685
2 0.612773 0.400778 0.029974 0.089000
2 0.742120 0.319870 0.026385 0.065667
2 0.703792 0.424764 0.033563 0.086954
0 0.811021 0.413009 0.040042 0.074907
2 0.878654 0.451421 0.017682 0.042213
2 0.949958 0.495157 0.031542 0.055241
