2 0.399656 0.438060 0.030271 0.066491
2 0.656922 0.346319 0.029385 0.071750
2 0.939865 0.474134 0.022146 0.045991
2 0.988747 0.450722 0.022505 0.085519
2 0.802055 0.396907 0.038172 0.064370
2 0.174086 0.373995 0.014432 0.041824
2 0.603932 0.374671 0.021302 0.060102
2 0.893552 0.437245 0.014771 0.025509
2 0.549792 0.385972 0.026792 0.076019
2 0.349135 0.237125 0.016208 0.028898
2 0.228779 0.422750 0.015776 0.056481
2 0.365620 0.248273 0.010948 0.025491
2 0.388836 0.264440 0.011182 0.025194
2 0.030648 0.402833 0.030422 0.077259
