0 0.991555 0.504380 0.016891 0.074852
0 0.647026 0.294662 0.013146 0.027176
0 0.913828 0.524866 0.021333 0.026843
0 0.283508 0.390889 0.027984 0.080815
0 0.423036 0.496806 0.030490 0.086389
0 0.360667 0.265389 0.019281 0.044963
0 0.376464 0.273542 0.019698 0.049028
0 0.392255 0.285380 0.015969 0.046833
0 0.203378 0.397731 0.022411 0.076759
0 0.946687 0.489042 0.035271 0.083769
0 0.887341 0.454866 0.028026 0.044176
0 0.817880 0.424333 0.038406 0.076333
0 0.745529 0.306051 0.015536 0.045306
0 0.701766 0.422856 0.028240 0.082250
0 0.655609 0.424514 0.034031 0.075231
0 0.232049 0.444111 0.026109 0.062333
0 0.615888 0.422667 0.031557 0.079667
0 0.563182 0.406431 0.034677 0.069361
0 0.467646 0.274449 0.024500 0.033157
0 0.422206 0.292389 0.019286 0.040148
0 0.078190 0.289412 0.022682 0.028380
0 0.163651 0.362611 0.025302 0.047926
0 0.130484 0.341384 0.018438 0.036491
0 0.037198 0.414856 0.029146 0.079917
0 0.012344 0.412625 0.024687 0.082287
0 0.683857 0.275250 0.012401 0.028389
