2 0.391182 0.265301 0.014094 0.031991
2 0.806367 0.406468 0.043922 0.065213
2 0.871927 0.445116 0.031354 0.044120
2 0.945234 0.480875 0.034219 0.068417
2 0.710797 0.395931 0.025281 0.036472
2 0.655284 0.362065 0.022036 0.037722
2 0.369276 0.249005 0.021302 0.037731
2 0.608560 0.395606 0.023474 0.060102
2 0.550714 0.394639 0.028469 0.073537
2 0.031536 0.412519 0.027760 0.060704
2 0.228422 0.433931 0.021281 0.061380
2 0.786693 0.298292 0.012240 0.023972
2 0.157120 0.367278 0.018698 0.058815
2 0.176109 0.374917 0.011010 0.034981
2 0.991180 0.458222 0.017641 0.092074
2 0.741865 0.303625 0.021302 0.060102
2 0.007448 0.394662 0.014896 0.041546
2 0.275451 0.402736 0.017849 0.021954
2 0.411307 0.453074 0.031344 0.079296
