0 0.995208 0.458852 0.009583 0.055630
0 0.945312 0.480509 0.042188 0.091574
0 0.813823 0.419944 0.037042 0.076222
0 0.702568 0.415352 0.035281 0.079296
0 0.654938 0.423787 0.039188 0.073167
0 0.613977 0.417648 0.031422 0.063963
0 0.560740 0.401588 0.034458 0.070157
0 0.419104 0.497398 0.035750 0.077759
0 0.280758 0.386870 0.024943 0.073481
0 0.419729 0.290597 0.020917 0.039731
0 0.390656 0.283708 0.017188 0.043694
0 0.355227 0.251792 0.017182 0.034861
0 0.372081 0.271537 0.017911 0.045074
0 0.230724 0.432764 0.024177 0.060583
0 0.198667 0.412824 0.026938 0.042870
0 0.158745 0.355130 0.018448 0.045481
0 0.037224 0.412574 0.029406 0.083185
0 0.011120 0.400181 0.022240 0.051306
0 0.165146 0.263236 0.017188 0.034861
0 0.462167 0.279208 0.017188 0.034861
0 0.740029 0.307144 0.019005 0.044972
0 0.881042 0.452199 0.017188 0.034861
