2 0.009388 0.393245 0.018776 0.060102
2 0.743206 0.303500 0.021297 0.052370
2 0.992589 0.463495 0.014823 0.084398
2 0.232326 0.436042 0.021297 0.060102
2 0.414117 0.459671 0.030620 0.074157
2 0.391482 0.269972 0.019120 0.026907
2 0.158990 0.363741 0.018698 0.060111
2 0.612268 0.407940 0.025995 0.069028
2 0.554617 0.396130 0.029932 0.069667
2 0.807914 0.409861 0.038547 0.086944
2 0.950016 0.482361 0.030281 0.065833
2 0.279289 0.407819 0.018693 0.029546
2 0.371438 0.257708 0.018698 0.045880
2 0.657125 0.360875 0.018698 0.028713
2 0.905589 0.450648 0.018698 0.028722
2 0.137466 0.325644 0.018693 0.053343
2 0.874036 0.451384 0.022760 0.040917
2 0.709867 0.406815 0.031099 0.056000
2 0.035427 0.410495 0.025604 0.071602
