2 0.606385 0.389194 0.024312 0.048574
2 0.657393 0.342843 0.025526 0.063204
2 0.799378 0.393616 0.031036 0.078694
2 0.945344 0.478338 0.035042 0.067231
2 0.991359 0.447282 0.017281 0.093769
2 0.889331 0.424255 0.032797 0.062787
2 0.231276 0.440495 0.021302 0.060102
2 0.153938 0.349565 0.018698 0.043833
2 0.689417 0.345546 0.018698 0.040389
2 0.732990 0.302583 0.013479 0.042426
2 0.127323 0.327602 0.018698 0.042778
2 0.032573 0.402894 0.028292 0.062361
2 0.004349 0.386528 0.008698 0.027315
2 0.399534 0.443759 0.027286 0.063630
2 0.174094 0.374759 0.017542 0.039296
2 0.343643 0.249458 0.021297 0.037065
2 0.388065 0.262324 0.015328 0.032574
2 0.367352 0.247690 0.015818 0.032583
2 0.550109 0.387653 0.026031 0.078269
