0 0.912742 0.524718 0.021328 0.026843
0 0.476914 0.271509 0.012401 0.028389
0 0.648224 0.294130 0.013146 0.027185
0 0.991052 0.508639 0.017677 0.074852
0 0.944698 0.487194 0.037792 0.085056
0 0.886482 0.449935 0.027349 0.042481
0 0.819411 0.427037 0.039927 0.081852
0 0.744549 0.309944 0.014755 0.042481
0 0.702628 0.424931 0.029120 0.088287
0 0.655315 0.420398 0.035734 0.083463
0 0.615203 0.418264 0.032719 0.074954
0 0.422523 0.501856 0.031203 0.083509
0 0.561901 0.407907 0.036302 0.068074
0 0.463924 0.274755 0.014755 0.035065
0 0.421833 0.289898 0.019979 0.042481
0 0.390529 0.286204 0.014755 0.042481
0 0.374305 0.278606 0.019339 0.054639
0 0.359133 0.263111 0.014755 0.042481
0 0.280690 0.393347 0.026589 0.074287
0 0.234242 0.446690 0.021307 0.082176
0 0.200461 0.401356 0.028474 0.083491
0 0.162010 0.367806 0.027021 0.052167
0 0.128417 0.343861 0.023792 0.038759
0 0.038776 0.421796 0.027031 0.064333
0 0.011419 0.401028 0.022839 0.062426
