2 0.009177 0.404731 0.018354 0.036870
2 0.034734 0.406773 0.032510 0.078620
2 0.651760 0.429269 0.017833 0.029056
2 0.991172 0.460046 0.017656 0.091574
2 0.943456 0.488574 0.041214 0.098963
2 0.877224 0.447657 0.023604 0.050241
2 0.907161 0.462556 0.018698 0.028722
2 0.811258 0.410375 0.051026 0.078694
2 0.705828 0.398282 0.036052 0.078620
2 0.612344 0.391630 0.027083 0.065296
2 0.553625 0.392912 0.025667 0.074546
2 0.744917 0.312148 0.019854 0.055704
2 0.412857 0.463537 0.037724 0.088556
2 0.280294 0.378847 0.021703 0.063417
2 0.421065 0.285546 0.014224 0.039463
2 0.391224 0.272593 0.014427 0.028333
2 0.373346 0.257981 0.021484 0.035333
2 0.193997 0.383056 0.020026 0.038889
2 0.232060 0.433000 0.019214 0.051963
2 0.138794 0.328056 0.023974 0.052778
2 0.162078 0.353167 0.021885 0.047556
