0 0.072198 0.281407 0.014562 0.031815
0 0.917174 0.527412 0.021328 0.026843
0 0.989083 0.513009 0.021833 0.068704
0 0.948740 0.489176 0.037208 0.086093
0 0.885958 0.451838 0.027250 0.056509
0 0.817021 0.434648 0.041583 0.084222
0 0.636130 0.309907 0.035760 0.051296
0 0.741865 0.313773 0.018521 0.042083
0 0.700591 0.431319 0.035359 0.087176
0 0.658383 0.436685 0.035359 0.090519
0 0.615133 0.419861 0.035359 0.068704
0 0.562945 0.406759 0.035359 0.068704
0 0.463440 0.278574 0.016526 0.028167
0 0.421221 0.295903 0.020891 0.042269
0 0.390768 0.289380 0.015818 0.044630
0 0.374286 0.280204 0.016323 0.056074
0 0.358393 0.265926 0.015818 0.044630
0 0.423773 0.504958 0.029745 0.089157
0 0.282219 0.394444 0.024729 0.081481
0 0.231560 0.456417 0.026880 0.086611
0 0.201898 0.403065 0.024328 0.075722
0 0.160763 0.369546 0.029724 0.058500
0 0.019036 0.305685 0.020052 0.039370
0 0.129328 0.344940 0.022906 0.041231
0 0.038258 0.419361 0.031193 0.084056
0 0.010391 0.406894 0.020781 0.092324
0 0.792815 0.318597 0.012401 0.028380
0 0.478852 0.273704 0.012401 0.028389
0 0.521117 0.282176 0.009839 0.032315
0 0.139094 0.311324 0.015458 0.028389
