2 0.031953 0.404065 0.027552 0.063722
2 0.005521 0.391361 0.011042 0.045500
2 0.227943 0.432412 0.021302 0.060102
2 0.407958 0.446611 0.032521 0.085815
2 0.713740 0.392935 0.021302 0.046796
2 0.549943 0.389699 0.028135 0.077454
2 0.606914 0.404685 0.024401 0.071185
2 0.655174 0.355329 0.025693 0.057491
2 0.801130 0.404130 0.036906 0.075259
2 0.941940 0.481852 0.038099 0.073148
2 0.989896 0.451542 0.020208 0.098398
2 0.156198 0.349602 0.020729 0.035870
2 0.273216 0.400014 0.018693 0.028713
2 0.732266 0.298028 0.012031 0.040981
2 0.861865 0.442032 0.019500 0.027787
2 0.366469 0.256060 0.016958 0.037324
2 0.389354 0.265611 0.017333 0.027481
