0 0.278096 0.392968 0.022557 0.083213
0 0.420563 0.509185 0.027313 0.085889
0 0.033810 0.423995 0.022797 0.076083
0 0.011255 0.419144 0.022510 0.054861
0 0.199625 0.410477 0.019083 0.070343
0 0.228190 0.442644 0.018828 0.057491
0 0.158193 0.362569 0.022052 0.051713
0 0.123128 0.342620 0.022286 0.037537
0 0.461599 0.283843 0.016073 0.031759
0 0.559771 0.412259 0.034760 0.073037
0 0.613938 0.420463 0.031812 0.080556
0 0.652969 0.429759 0.033542 0.069000
0 0.700000 0.430907 0.027292 0.087259
0 0.816786 0.433106 0.038302 0.081009
0 0.946023 0.494750 0.033786 0.083648
0 0.991635 0.506514 0.016729 0.083213
0 0.885135 0.464375 0.023792 0.041528
0 0.741786 0.316014 0.014135 0.038898
0 0.913409 0.530509 0.021328 0.026852
0 0.419432 0.297593 0.015802 0.045056
0 0.016846 0.312449 0.022036 0.038417
0 0.357802 0.267870 0.015802 0.045056
0 0.373771 0.280736 0.015802 0.045065
0 0.389990 0.288722 0.015802 0.045056
0 0.643104 0.300273 0.015563 0.038898
