0 0.128927 0.339903 0.023792 0.052046
0 0.232940 0.266343 0.015047 0.040074
0 0.791237 0.324065 0.015047 0.030352
0 0.253982 0.280954 0.015047 0.040074
0 0.206055 0.258088 0.015047 0.040083
0 0.035534 0.270125 0.015047 0.040083
0 0.013398 0.406657 0.026797 0.075593
0 0.037240 0.423079 0.029010 0.082657
0 0.021026 0.311310 0.029010 0.051639
0 0.160500 0.371639 0.029010 0.045426
0 0.202417 0.410231 0.029010 0.070278
0 0.232609 0.456792 0.029010 0.082657
0 0.284255 0.396458 0.029010 0.072917
0 0.425479 0.509130 0.029010 0.082667
0 0.470130 0.281361 0.025990 0.034315
0 0.520927 0.295125 0.012271 0.059194
0 0.420745 0.296884 0.024031 0.036972
0 0.393914 0.290435 0.017276 0.040056
0 0.359984 0.268037 0.015281 0.051148
0 0.378937 0.280671 0.020792 0.046250
0 0.563708 0.406917 0.035500 0.077833
0 0.640302 0.320597 0.027000 0.057861
0 0.617104 0.420880 0.029010 0.091574
0 0.657148 0.439046 0.033255 0.082667
0 0.700698 0.438176 0.031521 0.090685
0 0.746107 0.320171 0.015026 0.049843
0 0.819083 0.435056 0.037250 0.082667
0 0.889318 0.462764 0.029010 0.051139
0 0.948573 0.495833 0.039729 0.088889
0 0.993047 0.509574 0.013906 0.082667
0 0.918010 0.533324 0.029010 0.031685
