0 0.231484 0.439241 0.020156 0.054852
0 0.419380 0.498977 0.027042 0.072139
0 0.562060 0.401824 0.035151 0.072648
0 0.614008 0.414889 0.028859 0.070037
0 0.653081 0.422319 0.033943 0.069991
0 0.702039 0.414056 0.034255 0.081148
0 0.817299 0.419935 0.036026 0.073741
0 0.949654 0.483819 0.037255 0.080139
0 0.882734 0.448403 0.017188 0.034861
0 0.915370 0.473954 0.017188 0.034870
0 0.742010 0.307347 0.017188 0.034861
0 0.356995 0.253032 0.017188 0.034861
0 0.374078 0.276968 0.017948 0.040139
0 0.391922 0.282755 0.017188 0.034861
0 0.420620 0.288963 0.017188 0.034870
0 0.463531 0.274769 0.017188 0.034870
0 0.160302 0.357019 0.020437 0.051519
0 0.198383 0.393824 0.020839 0.063833
0 0.280078 0.381981 0.029323 0.088815
0 0.995370 0.470861 0.009260 0.028389
0 0.036643 0.414519 0.028693 0.078926
0 0.010573 0.397593 0.021146 0.062963
