0 0.391878 0.286903 0.019286 0.044954
0 0.022354 0.301097 0.019281 0.044954
0 0.010260 0.416852 0.020521 0.085741
0 0.038190 0.417750 0.030495 0.080426
0 0.132125 0.341667 0.023250 0.045370
0 0.161961 0.365856 0.025036 0.049398
0 0.283089 0.394259 0.024760 0.078704
0 0.423315 0.501611 0.028266 0.084926
0 0.359693 0.263838 0.019281 0.044954
0 0.377148 0.278019 0.021797 0.050259
0 0.205112 0.402009 0.025505 0.074685
0 0.423807 0.295093 0.021760 0.038333
0 0.464974 0.279347 0.020260 0.040546
0 0.563281 0.407593 0.035729 0.067222
0 0.616315 0.424407 0.031016 0.076000
0 0.658112 0.426194 0.034245 0.082241
0 0.701385 0.428417 0.026500 0.091130
0 0.818164 0.432157 0.038984 0.076426
0 0.889513 0.455889 0.026495 0.037889
0 0.948273 0.493630 0.037724 0.084037
0 0.744393 0.309245 0.014516 0.044954
0 0.648977 0.296120 0.012443 0.042370
0 0.991159 0.513444 0.017682 0.074852
0 0.233940 0.442588 0.021286 0.064454
0 0.913828 0.524866 0.021333 0.026843
0 0.478497 0.270944 0.012401 0.028389
0 0.793049 0.312352 0.012401 0.028389
0 0.682904 0.274833 0.012401 0.028389
0 0.619935 0.304343 0.012401 0.028389
0 0.082573 0.294662 0.031000 0.028380
