2 0.406466 0.455042 0.031339 0.076750
2 0.607393 0.402579 0.025203 0.060102
2 0.549562 0.392444 0.023896 0.066000
2 0.653320 0.356523 0.030130 0.048065
2 0.708404 0.398597 0.027641 0.040343
2 0.803104 0.401440 0.041500 0.068972
2 0.865872 0.434731 0.027318 0.044093
2 0.900292 0.446699 0.021302 0.026361
2 0.942703 0.481287 0.033760 0.061870
2 0.991094 0.452023 0.017813 0.092065
2 0.737492 0.299856 0.021057 0.056565
2 0.389044 0.268833 0.016807 0.030852
2 0.368099 0.257278 0.024323 0.038815
2 0.159458 0.360810 0.023479 0.036435
2 0.783482 0.299338 0.011891 0.023361
2 0.349271 0.236292 0.010833 0.026102
2 0.131201 0.333014 0.018693 0.028713
2 0.274854 0.404542 0.018698 0.028713
2 0.006719 0.392542 0.013437 0.036380
2 0.030586 0.401407 0.031224 0.070889
2 0.227656 0.434417 0.021302 0.060093
