2 0.009096 0.397347 0.018193 0.048398
2 0.034779 0.409343 0.030859 0.075574
2 0.156490 0.350769 0.016187 0.038278
2 0.194370 0.376875 0.026677 0.047824
2 0.134331 0.335847 0.019776 0.032991
2 0.368484 0.267204 0.017406 0.031889
2 0.391370 0.270931 0.012885 0.028694
2 0.420880 0.286644 0.015010 0.032454
2 0.415758 0.455625 0.029318 0.080880
2 0.281812 0.401889 0.017729 0.035111
2 0.555174 0.394704 0.026109 0.066444
2 0.613852 0.399477 0.021297 0.060102
2 0.646479 0.422644 0.018292 0.033991
2 0.706375 0.403185 0.030896 0.067519
2 0.809815 0.406949 0.042557 0.071843
2 0.943055 0.479056 0.031182 0.078741
2 0.992026 0.468681 0.015948 0.071806
2 0.876164 0.447880 0.024234 0.037611
2 0.742068 0.306546 0.018969 0.052352
2 0.664255 0.377250 0.022323 0.036167
2 0.235609 0.427514 0.018698 0.070528
