0 0.558122 0.410843 0.033484 0.071204
0 0.810674 0.419648 0.039172 0.087741
0 0.949612 0.488009 0.033484 0.071204
2 0.228953 0.433343 0.021719 0.069241
2 0.743565 0.321296 0.016266 0.056296
2 0.995365 0.462139 0.009271 0.065167
2 0.902911 0.464532 0.023135 0.041843
2 0.878813 0.454935 0.018667 0.037537
2 0.701573 0.415856 0.034250 0.077546
2 0.647979 0.426759 0.039042 0.079074
2 0.467128 0.269898 0.016266 0.034389
2 0.354099 0.262801 0.016271 0.034380
2 0.371065 0.265463 0.016266 0.034389
2 0.389281 0.279213 0.016271 0.034389
2 0.419969 0.286755 0.016271 0.034380
0 0.008568 0.408083 0.017135 0.049944
2 0.131286 0.333769 0.016271 0.034389
2 0.157359 0.346412 0.016271 0.034380
0 0.194297 0.404366 0.031198 0.057065
0 0.274716 0.396454 0.018797 0.062722
0 0.034310 0.415111 0.032005 0.099963
0 0.416057 0.498421 0.023615 0.086676
0 0.609620 0.415102 0.033490 0.071204
