0 0.886013 0.456014 0.020995 0.046657
0 0.992529 0.502593 0.014943 0.083519
0 0.645771 0.302667 0.013146 0.027185
0 0.021005 0.306296 0.014729 0.038093
0 0.912742 0.524718 0.021328 0.026843
0 0.479128 0.265889 0.012401 0.028389
0 0.011927 0.411880 0.023854 0.066611
0 0.039128 0.419532 0.031953 0.074269
0 0.127146 0.339370 0.023354 0.045519
0 0.159971 0.364546 0.020786 0.047019
0 0.202935 0.401671 0.025276 0.072583
0 0.231878 0.438009 0.021141 0.051019
0 0.282031 0.390417 0.026146 0.078426
0 0.359841 0.266111 0.014734 0.043593
0 0.374828 0.280741 0.021490 0.052519
0 0.391547 0.289218 0.014729 0.043602
0 0.421177 0.292606 0.014729 0.043602
0 0.464938 0.276130 0.017000 0.030963
0 0.422547 0.498241 0.030323 0.083519
0 0.562823 0.409870 0.036021 0.077111
0 0.615214 0.418389 0.033010 0.077111
0 0.653693 0.425852 0.034469 0.071815
0 0.701888 0.426111 0.028516 0.091481
0 0.744701 0.304755 0.014734 0.043602
0 0.815365 0.431944 0.032708 0.074444
0 0.947536 0.490653 0.033094 0.081472
