2 0.655115 0.357685 0.037479 0.052407
2 0.992263 0.446171 0.015474 0.101602
2 0.947742 0.481912 0.034932 0.065806
2 0.872654 0.432750 0.030630 0.064574
2 0.808706 0.399856 0.039984 0.085657
2 0.714922 0.399875 0.027031 0.052472
2 0.555036 0.387079 0.028469 0.072880
2 0.610734 0.396023 0.021302 0.060102
2 0.415456 0.449681 0.033151 0.084361
2 0.394805 0.266366 0.020599 0.026898
2 0.367495 0.269574 0.021302 0.037148
2 0.239583 0.430514 0.021302 0.060102
2 0.038391 0.411023 0.025635 0.059435
2 0.011589 0.387088 0.023177 0.049898
2 0.911440 0.449088 0.018693 0.042009
2 0.738544 0.292264 0.014891 0.042139
2 0.149854 0.332769 0.018698 0.028722
2 0.171039 0.371282 0.018693 0.043917
