0 0.232227 0.455981 0.023349 0.078407
0 0.991039 0.510787 0.017318 0.082500
0 0.948234 0.492412 0.037073 0.089435
0 0.887609 0.457519 0.025406 0.051148
0 0.817839 0.436782 0.037969 0.077731
0 0.698385 0.435435 0.027812 0.082537
0 0.740286 0.315431 0.019427 0.050065
0 0.655711 0.428278 0.037078 0.083074
0 0.615135 0.413106 0.030792 0.066565
0 0.564391 0.411764 0.037073 0.063880
0 0.423065 0.505435 0.026891 0.083019
0 0.634461 0.315329 0.026495 0.047676
0 0.462180 0.280403 0.017516 0.035491
0 0.420609 0.296120 0.020448 0.035907
0 0.392737 0.288352 0.017516 0.041815
0 0.376104 0.272625 0.017521 0.035491
0 0.357391 0.272625 0.017521 0.035491
0 0.283688 0.389620 0.028135 0.086130
0 0.202284 0.402375 0.024599 0.072472
0 0.159542 0.370037 0.025604 0.050667
0 0.127750 0.347093 0.027312 0.045444
0 0.037708 0.418981 0.024792 0.077593
0 0.012474 0.416023 0.024948 0.082769
0 0.915497 0.527542 0.021328 0.026843
0 0.018143 0.298861 0.012401 0.028389
0 0.075315 0.282463 0.012401 0.028389
0 0.137758 0.307287 0.012401 0.028389
0 0.477893 0.275440 0.012401 0.028380
0 0.519258 0.287620 0.012401 0.028389
