2 0.881146 0.455894 0.021719 0.041620
2 0.744549 0.316653 0.021714 0.047991
2 0.234560 0.429884 0.021714 0.071528
0 0.008255 0.404583 0.016510 0.049167
0 0.035935 0.419764 0.029380 0.066213
0 0.280242 0.388009 0.024932 0.072315
0 0.420331 0.492407 0.031005 0.083704
0 0.562758 0.407287 0.036151 0.081167
0 0.615164 0.413745 0.032172 0.078991
0 0.816885 0.415731 0.040396 0.078537
0 0.951378 0.491352 0.036411 0.074519
0 0.201227 0.400588 0.031411 0.065250
2 0.159380 0.343421 0.021719 0.041620
2 0.132854 0.326398 0.021719 0.041611
2 0.422365 0.284037 0.021719 0.041611
2 0.394865 0.275685 0.018698 0.034148
2 0.372698 0.264778 0.015958 0.035481
2 0.466266 0.271588 0.016531 0.024417
2 0.654708 0.425296 0.041417 0.084222
0 0.709865 0.418204 0.044437 0.086000
2 0.995651 0.470972 0.008698 0.059352
