0 0.890469 0.458042 0.026250 0.052065
0 0.819362 0.434949 0.037734 0.087509
0 0.639333 0.309231 0.025500 0.064019
0 0.521570 0.293236 0.014495 0.054269
0 0.434607 0.264843 0.010776 0.028574
0 0.464924 0.279051 0.018005 0.043639
0 0.419146 0.295218 0.027750 0.044935
0 0.393813 0.290579 0.018010 0.043639
0 0.379956 0.277255 0.018005 0.043639
0 0.700466 0.433444 0.026776 0.091630
0 0.660531 0.431440 0.036229 0.082306
0 0.616625 0.419241 0.031750 0.080963
0 0.565477 0.408361 0.038234 0.073389
0 0.424760 0.507264 0.027771 0.080472
0 0.361258 0.265736 0.017516 0.050750
0 0.025169 0.303250 0.019036 0.042389
0 0.162385 0.369986 0.027000 0.050769
0 0.040268 0.417231 0.029776 0.084056
0 0.134315 0.341356 0.024776 0.055620
0 0.284161 0.397727 0.023031 0.073435
0 0.205182 0.405894 0.023802 0.070250
0 0.013844 0.414116 0.027687 0.097324
0 0.206479 0.258218 0.015042 0.040083
0 0.305133 0.267028 0.015047 0.040074
0 0.479260 0.262296 0.012312 0.031704
0 0.710023 0.321255 0.008807 0.026009
0 0.790596 0.316630 0.015047 0.040074
0 0.744674 0.313227 0.018005 0.054472
0 0.080510 0.286620 0.016729 0.034648
0 0.989570 0.516134 0.020859 0.073380
0 0.919911 0.530546 0.022260 0.036500
0 0.948091 0.490870 0.040693 0.092889
0 0.232117 0.457620 0.022745 0.081426
