0 0.160500 0.371639 0.029010 0.045426
0 0.202417 0.410231 0.029010 0.070278
0 0.232609 0.456792 0.029010 0.082657
0 0.284255 0.396458 0.029010 0.072917
0 0.425479 0.509130 0.029010 0.082667
0 0.563708 0.406917 0.035500 0.077833
0 0.617104 0.420880 0.029010 0.091574
0 0.657148 0.439046 0.033255 0.082667
0 0.700698 0.438176 0.031521 0.090685
0 0.819083 0.435056 0.037250 0.082667
0 0.948573 0.495833 0.039729 0.088889
0 0.037240 0.423079 0.029010 0.082657
0 0.013398 0.406657 0.026797 0.075593
0 0.128927 0.339903 0.023792 0.052046
