0 0.699182 0.432444 0.029010 0.090111
0 0.886615 0.458806 0.029010 0.055537
0 0.013268 0.400755 0.026536 0.071454
0 0.041375 0.415944 0.029010 0.082667
0 0.131792 0.340870 0.027229 0.049704
0 0.161141 0.368815 0.029010 0.045889
0 0.204557 0.402097 0.029010 0.069880
0 0.234198 0.455611 0.029010 0.087481
0 0.284500 0.395444 0.029010 0.072556
0 0.424922 0.502704 0.029010 0.082667
0 0.564750 0.410111 0.038000 0.065593
0 0.617896 0.423917 0.031708 0.075241
0 0.657266 0.432972 0.029010 0.082667
0 0.819404 0.434329 0.038901 0.088565
0 0.948737 0.493639 0.038880 0.084759
